rev,n,total,mean,sd
271d4319b,824,827,1.0,0.8
9b980b3b8,848,843,0.99,0.81
83442caf8,848,843,0.99,0.81
8fc4d342f,850,845,0.99,0.81
b6be94fd1,891,887,1.0,0.79
0344130f6,894,889,0.99,0.79
1c59c0dd0,914,932,1.02,0.79
352ce35b4,914,932,1.02,0.79
328a354f4,944,950,1.01,0.79
dff08dc5b,956,961,1.01,0.79
69100a0fe,956,961,1.01,0.79
7d1fb7c65,974,990,1.02,0.79
6af0428a1,975,992,1.02,0.79
a94d51c4b,979,998,1.02,0.79
6dce57440,980,1018,1.04,0.79
571176102,981,1020,1.04,0.79
3ab002e54,986,1021,1.04,0.8
19d00e691,989,1013,1.02,0.78
1cdcebac0,995,1015,1.02,0.78
e832015f2,995,1015,1.02,0.78
2f2b72dd5,996,1017,1.02,0.78
688541923,1002,1024,1.02,0.78
916468b8c,1013,1045,1.03,0.79
ca045a040,1013,1045,1.03,0.79
23450b61e,1014,1046,1.03,0.79
a28ac3634,1020,1062,1.04,0.79
75aef0933,1051,1137,1.08,0.83
99287d9eb,1083,1183,1.09,0.83
00bff598e,1092,1196,1.1,0.83
60f7528cb,1095,1199,1.09,0.83
4f9aa8bd9,1093,1197,1.1,0.83
390967990,1094,1198,1.1,0.83
2f628a17d,1162,1306,1.12,0.84
ea34545d7,1182,1325,1.12,0.84
2fe54ded1,1180,1325,1.12,0.84
2ebfcf448,1203,1344,1.12,0.84
99cd6fe7d,1198,1345,1.12,0.83
8a6a7524c,1199,1346,1.12,0.83
4edc97387,1200,1347,1.12,0.83
8b07b839e,1226,1420,1.16,0.89
517cfde5b,1341,1508,1.12,0.87
2d26d73eb,1369,1540,1.12,0.88
ce8e1d52d,1383,1560,1.13,0.88
8f5843ab9,1383,1560,1.13,0.88
d9a555d94,1384,1561,1.13,0.88
d50473468,1384,1561,1.13,0.88
e24f1d8bd,1387,1571,1.13,0.88
cbc9cd60d,1392,1574,1.13,0.88
0871314d5,1374,1549,1.13,0.88
18414e857,1376,1550,1.13,0.88
ed750c8df,1850,2453,1.33,0.94
392473126,1850,2453,1.33,0.94
91464fb5e,1860,2469,1.33,0.94
7179b09d7,1863,2478,1.33,0.94
84f792421,1860,2468,1.33,0.94
f3e8bed1c,1860,2468,1.33,0.94
0f89415ec,1860,2468,1.33,0.94
9ba13a3f3,1857,2468,1.33,0.94
0bae688da,1857,2468,1.33,0.94
d27817ad5,1859,2470,1.33,0.94
e4eb21bf8,1862,2474,1.33,0.94
49ee5d300,1862,2474,1.33,0.94
f630e8af4,1863,2475,1.33,0.94
1cdc97dd3,1885,2503,1.33,0.94
74ab6d209,1884,2502,1.33,0.94
a8825bade,1871,2481,1.33,0.94
3edb6f5ff,1879,2492,1.33,0.94
aa0e9e6a0,1879,2492,1.33,0.94
605f9c61f,1876,2489,1.33,0.94
72fd6334c,1888,2498,1.32,0.94
715aea573,1882,2510,1.33,0.96
ae5425f90,1891,2532,1.34,0.97
9fe912c39,1900,2552,1.34,0.97
84f64f5d0,1903,2556,1.34,0.97
2e0951d4d,1919,2583,1.35,0.96
e504f5cd9,1920,2586,1.35,0.96
e043a5efd,1920,2586,1.35,0.96
817e20f11,1922,2589,1.35,0.96
d8218a624,1921,2588,1.35,0.96
5c763389f,1952,2693,1.38,1.0
0aca769d0,1963,2709,1.38,1.0
b28d60b6d,2009,2816,1.4,1.01
2ab597add,2008,2815,1.4,1.01
fe996b4e4,2022,2846,1.41,1.01
2fadba85f,2022,2846,1.41,1.01
afe1f5b72,2023,2847,1.41,1.01
53748eb38,2024,2847,1.41,1.01
a88eb0fdc,2046,2868,1.4,1.01
94917dbb1,2057,2890,1.4,1.01
36d8554fd,2078,2928,1.41,1.01
b44e5a7aa,2094,2973,1.42,1.01
84efda07e,2096,2975,1.42,1.01
79a4778c0,2099,2979,1.42,1.01
734382b5b,2101,2979,1.42,1.01
ea063dd48,2095,2935,1.4,1.01
92012dab0,2095,2935,1.4,1.01
748f2b42e,2093,2935,1.4,1.01
7fc0877c2,2118,2973,1.4,1.02
fbbc573f3,2113,2973,1.41,1.02
2dbc73c75,2118,2972,1.4,1.02
4284a4d16,2132,3006,1.41,1.03
b731dfd42,2141,3013,1.41,1.03
007f3319a,2148,3015,1.4,1.03
7b1fbd285,2133,2993,1.4,1.03
5003ada67,2137,3005,1.41,1.03
267422a1f,2191,3048,1.39,1.03
d097c1fad,2209,3060,1.39,1.03
a5b538230,2214,3105,1.4,1.04
d58924eca,2217,3109,1.4,1.04
6d284ae15,2215,3105,1.4,1.04
2918a34e1,2217,3106,1.4,1.04
1419c534c,2239,3129,1.4,1.04
26e458be6,2239,3129,1.4,1.04
f1c981fdc,2241,3129,1.4,1.04
5b280b218,2243,3131,1.4,1.04
6b9d2331f,2227,3119,1.4,1.04
98a156311,2229,3120,1.4,1.04
9498ad491,2168,3073,1.42,1.05
5a430df5d,2170,3076,1.42,1.05
17855251f,2172,3079,1.42,1.05
617e66500,2176,3085,1.42,1.04
669065ceb,2180,3089,1.42,1.04
4b78e9138,2180,3087,1.42,1.04
1a818ab0c,2187,3090,1.41,1.04
c7dfa7bc8,2203,3128,1.42,1.05
a6daf1790,2215,3146,1.42,1.05
3e4139ac2,2215,3146,1.42,1.05
59e2f6e4a,2216,3146,1.42,1.05
83aea7d28,2217,3146,1.42,1.05
25684f904,2217,3146,1.42,1.05
c4e5d168a,2239,3146,1.41,1.04
7143923ea,2241,3153,1.41,1.04
db29cc125,2242,3154,1.41,1.04
9c3cbee36,2244,3156,1.41,1.04
3a05ae6f7,2247,3161,1.41,1.04
add297b09,2248,3161,1.41,1.04
197b435b6,2266,3197,1.41,1.04
3b50fe075,2252,3162,1.4,1.04
919066222,2254,3165,1.4,1.04
b54f716fd,2320,3219,1.39,1.03
20898e150,2336,3240,1.39,1.03
caf1b4c5d,2334,3235,1.39,1.03
3ca745688,2361,3300,1.4,1.02
3e08c6688,2361,3300,1.4,1.02
c55477949,2362,3302,1.4,1.02
ceb8906c2,2362,3302,1.4,1.02
2faf24fb9,2361,3302,1.4,1.02
8ebcfbb8d,2385,3353,1.41,1.02
59faffe0d,2424,3380,1.39,1.02
d12a5c588,2441,3371,1.38,1.02
63416d4f3,2441,3371,1.38,1.02
1929b23ea,2442,3372,1.38,1.02
936405528,2443,3373,1.38,1.02
f9ad99e57,2445,3376,1.38,1.02
8b89d6635,2430,3349,1.38,1.03
7bb42ba57,2435,3358,1.38,1.03
8deee738c,2431,3354,1.38,1.03
e4abc8538,2424,3352,1.38,1.02
f29328e6a,2424,3352,1.38,1.02
270d4f6e8,2439,3372,1.38,1.02
371a0f724,2445,3374,1.38,1.02
77fa3702d,2445,3374,1.38,1.02
f65c7e413,2446,3374,1.38,1.02
36d315343,2447,3375,1.38,1.02
230b82d3b,2621,3760,1.43,1.04
f19a1926b,2606,3707,1.42,1.03
8b24995d5,2608,3492,1.34,1.02
3164cd4ae,2614,3492,1.34,1.02
9dfa596e3,2647,3527,1.33,1.02
e5e0fa97e,2650,3531,1.33,1.02
2e0c9c706,2670,3564,1.33,1.02
a8975f541,2667,3564,1.34,1.02
200ce6932,2667,3564,1.34,1.02
4faad6497,2667,3564,1.34,1.02
22b064470,2667,3564,1.34,1.02
24607873c,2712,3540,1.31,1.03
e5eb121ab,2718,3546,1.3,1.03
13a765e50,2718,3546,1.3,1.03
a0f1ceba1,2146,2219,1.03,0.86
0a7f65cd9,2176,2282,1.05,0.87
95e037c66,2184,2286,1.05,0.87
f9359aaa7,2185,2287,1.05,0.87
41b0589ab,2187,2291,1.05,0.87
12466fb06,2222,2283,1.03,0.86
271f31730,2295,2449,1.07,0.89
512628e8a,2312,2460,1.06,0.89
0990549e7,2313,2462,1.06,0.89
d2b4760e3,2315,2455,1.06,0.89
296a36795,2318,2458,1.06,0.89
7ba1557d1,2324,2466,1.06,0.89
477e10238,2200,2373,1.08,0.9
5b50a469b,2200,2373,1.08,0.9
71574488c,2207,2377,1.08,0.9
0a6dde4fc,2229,2415,1.08,0.9
a3d969680,2229,2415,1.08,0.9
aa2db562b,2257,2448,1.08,0.89
d85e0b51e,2257,2441,1.08,0.89
86c379817,2256,2441,1.08,0.89
92a919069,2266,2448,1.08,0.89
fc062878e,2266,2448,1.08,0.89
8402dfa3a,2266,2448,1.08,0.89
d6d2aae67,2266,2448,1.08,0.89
cb30e5f1e,2267,2449,1.08,0.89
28c793c3f,2268,2451,1.08,0.89
aaf630ed1,2268,2451,1.08,0.89
0fc79f93d,2274,2460,1.08,0.89
